14 0.504927 0.298000 0.477333 0.204000 0.549333
14 0.735418 0.868000 0.434667 0.136000 0.538667
1 0.621110 0.454000 0.586667 0.292000 0.288000
14 0.953010 0.509000 0.386667 0.050000 0.170667
14 0.473396 0.204000 0.352000 0.032000 0.176000
14 0.559250 0.600000 0.374667 0.044000 0.184000
14 0.891882 0.455000 0.377333 0.038000 0.173333
5 0.593340 0.051000 0.282667 0.090000 0.138667
14 0.966533 0.142000 0.368000 0.032000 0.170667
14 0.430962 0.475000 0.389333 0.026000 0.234667
14 0.633051 0.565000 0.373333 0.034000 0.170667
14 0.464480 0.164000 0.352000 0.024000 0.149333
14 0.744118 0.583000 0.241333 0.030000 0.130667
14 0.977875 0.119000 0.290667 0.014000 0.042667
14 0.594817 0.179000 0.317333 0.022000 0.096000
14 0.788102 0.181000 0.316000 0.014000 0.056000
14 0.559549 0.542000 0.353333 0.024000 0.146667
14 0.663533 0.222000 0.296000 0.016000 0.037333
14 0.742913 0.005000 0.354667 0.010000 0.282667
14 0.549048 0.475000 0.312000 0.030000 0.096000
14 0.814281 0.219000 0.337333 0.026000 0.125333
14 0.700597 0.160000 0.280000 0.012000 0.026667
14 0.943278 0.236000 0.296000 0.016000 0.037333
14 0.565013 0.142000 0.284000 0.012000 0.034667
14 0.972913 0.182000 0.277333 0.016000 0.026667
14 0.509324 0.237000 0.316000 0.022000 0.114667
14 0.411947 0.109000 0.292000 0.014000 0.045333
14 0.796123 0.161000 0.296000 0.014000 0.037333
14 0.840258 0.529000 0.336000 0.026000 0.106667
14 0.686393 0.476000 0.297333 0.024000 0.045333
14 0.425656 0.179000 0.297333 0.014000 0.034667
