14 0.838462 0.181000 0.490667 0.318000 0.389333
2 0.927479 0.963000 0.320000 0.018000 0.021333
2 0.661398 0.933000 0.310667 0.014000 0.008000
9 0.574830 0.561000 0.560000 0.230000 0.277333
14 0.511557 0.681000 0.309333 0.006000 0.016000
14 0.467632 0.677000 0.304000 0.006000 0.016000
2 0.802570 0.746000 0.321333 0.012000 0.018667
11 0.893078 0.407000 0.674667 0.294000 0.170667
2 0.527207 0.717000 0.321333 0.014000 0.018667
2 0.415580 0.915000 0.316000 0.010000 0.013333
2 0.616920 0.957000 0.316000 0.018000 0.013333
14 0.491725 0.734000 0.296000 0.012000 0.010667
