8 0.660762 0.454000 0.598667 0.112000 0.280000
8 0.736291 0.622000 0.717333 0.172000 0.309333
19 0.634052 0.044000 0.777333 0.088000 0.306667
10 0.990203 0.555000 0.642667 0.210000 0.240000
4 0.698160 0.753000 0.425333 0.010000 0.056000
4 0.425557 0.700000 0.416000 0.012000 0.042667
10 0.483534 0.548000 0.553333 0.192000 0.066667
8 0.838733 0.539000 0.514667 0.042000 0.026667
4 0.947576 0.774000 0.414667 0.012000 0.061333
1 0.475587 0.147000 0.509333 0.070000 0.154667
17 0.676063 0.883000 0.861333 0.210000 0.261333
8 0.917291 0.584000 0.525333 0.040000 0.074667
8 0.731080 0.637000 0.590667 0.130000 0.269333
8 0.410454 0.789000 0.713333 0.150000 0.386667
4 0.712523 0.758000 0.417333 0.008000 0.040000
4 0.573254 0.746000 0.430667 0.012000 0.045333
4 0.528024 0.586000 0.425333 0.008000 0.034667
