12 0.537478 0.444000 0.638554 0.452000 0.632530
14 0.719198 0.481000 0.417169 0.182000 0.478916
14 0.834198 0.044000 0.397590 0.032000 0.126506
14 0.945492 0.181000 0.396084 0.054000 0.111446
14 0.783281 0.798000 0.521084 0.048000 0.090361
8 0.995076 0.841000 0.564759 0.050000 0.027108
8 0.978436 0.894000 0.564759 0.072000 0.045181
14 0.777994 0.985000 0.548193 0.022000 0.144578
8 0.540024 0.750000 0.629518 0.064000 0.102410
8 0.690287 0.785000 0.625000 0.066000 0.105422
8 0.506554 0.856000 0.626506 0.060000 0.108434
14 0.995175 0.031000 0.408133 0.030000 0.111446
14 0.666700 0.742000 0.542169 0.024000 0.030120
8 0.850990 0.831000 0.623494 0.058000 0.108434
8 0.426478 0.735000 0.564759 0.050000 0.021084
