13 0.680435 90.000000 142.000000 302.000000 197.000000
14 0.569468 230.000000 148.000000 9.000000 13.000000
14 0.455295 201.000000 146.000000 9.000000 15.000000
14 0.665627 239.000000 144.000000 16.000000 34.000000
14 0.726977 212.000000 148.000000 8.000000 13.000000
14 0.567580 211.000000 142.000000 11.000000 13.000000
14 0.517179 99.000000 125.000000 21.000000 39.000000
14 0.964534 221.000000 147.000000 8.000000 13.000000
14 0.440665 91.000000 129.000000 18.000000 33.000000
14 0.963635 238.000000 147.000000 10.000000 14.000000
14 0.643848 245.000000 155.000000 13.000000 15.000000
8 0.874911 316.000000 183.000000 33.000000 30.000000
14 0.466569 198.000000 139.000000 13.000000 47.000000
