14 0.504927 98.000000 76.000000 102.000000 206.000000
14 0.735418 400.000000 62.000000 68.000000 202.000000
1 0.621110 154.000000 166.000000 146.000000 108.000000
14 0.953010 242.000000 113.000000 25.000000 64.000000
14 0.473396 94.000000 99.000000 16.000000 66.000000
14 0.559250 289.000000 106.000000 22.000000 69.000000
14 0.891882 218.000000 109.000000 19.000000 65.000000
5 0.593340 3.000000 80.000000 45.000000 52.000000
14 0.966533 63.000000 106.000000 16.000000 64.000000
14 0.430962 231.000000 102.000000 13.000000 88.000000
14 0.633051 274.000000 108.000000 17.000000 64.000000
14 0.464480 76.000000 104.000000 12.000000 56.000000
14 0.744118 284.000000 66.000000 15.000000 49.000000
14 0.977875 56.000000 101.000000 7.000000 16.000000
14 0.594817 84.000000 101.000000 11.000000 36.000000
14 0.788102 87.000000 108.000000 7.000000 21.000000
14 0.559549 265.000000 105.000000 12.000000 55.000000
14 0.663533 107.000000 104.000000 8.000000 14.000000
14 0.742913 0.000000 80.000000 5.000000 106.000000
14 0.549048 230.000000 99.000000 15.000000 36.000000
14 0.814281 103.000000 103.000000 13.000000 47.000000
14 0.700597 77.000000 100.000000 6.000000 10.000000
14 0.943278 114.000000 104.000000 8.000000 14.000000
14 0.565013 68.000000 100.000000 6.000000 13.000000
14 0.972913 87.000000 99.000000 8.000000 10.000000
14 0.509324 113.000000 97.000000 11.000000 43.000000
14 0.411947 51.000000 101.000000 7.000000 17.000000
14 0.796123 77.000000 104.000000 7.000000 14.000000
14 0.840258 258.000000 106.000000 13.000000 40.000000
14 0.686393 232.000000 103.000000 12.000000 17.000000
14 0.425656 86.000000 105.000000 7.000000 13.000000
