5 0.481609 25.000000 112.000000 340.000000 150.000000
14 0.801068 388.000000 193.000000 14.000000 31.000000
14 0.609724 449.000000 191.000000 12.000000 31.000000
14 0.922646 159.000000 190.000000 20.000000 20.000000
14 0.844099 425.000000 191.000000 10.000000 31.000000
14 0.988263 432.000000 191.000000 10.000000 31.000000
14 0.801301 442.000000 191.000000 10.000000 30.000000
0 0.582283 316.000000 86.000000 177.000000 114.000000
14 0.874665 232.000000 196.000000 12.000000 10.000000
6 0.416955 0.000000 193.000000 31.000000 17.000000
14 0.712954 1.000000 196.000000 9.000000 12.000000
14 0.922837 167.000000 194.000000 14.000000 13.000000
14 0.708831 267.000000 198.000000 13.000000 8.000000
14 0.482423 348.000000 199.000000 6.000000 18.000000
14 0.700074 153.000000 197.000000 12.000000 10.000000
14 0.727275 212.000000 195.000000 11.000000 12.000000
14 0.621400 218.000000 195.000000 12.000000 13.000000
6 0.936060 13.000000 197.000000 15.000000 10.000000
14 0.604049 459.000000 192.000000 10.000000 30.000000
14 0.563051 495.000000 189.000000 3.000000 25.000000
