12 0.537478 109.000000 107.000000 226.000000 210.000000
14 0.719198 195.000000 59.000000 91.000000 159.000000
14 0.834198 14.000000 111.000000 16.000000 42.000000
14 0.945492 77.000000 113.000000 27.000000 37.000000
14 0.783281 387.000000 158.000000 24.000000 30.000000
8 0.995076 408.000000 183.000000 25.000000 9.000000
8 0.978436 429.000000 180.000000 36.000000 15.000000
14 0.777994 487.000000 158.000000 11.000000 48.000000
8 0.540024 359.000000 192.000000 32.000000 34.000000
8 0.690287 376.000000 190.000000 33.000000 35.000000
8 0.506554 413.000000 190.000000 30.000000 36.000000
14 0.995175 8.000000 117.000000 15.000000 37.000000
14 0.666700 365.000000 175.000000 12.000000 10.000000
8 0.850990 401.000000 189.000000 29.000000 36.000000
8 0.426478 355.000000 184.000000 25.000000 7.000000
