8 0.660762 199.000000 172.000000 56.000000 105.000000
8 0.736291 268.000000 211.000000 86.000000 116.000000
19 0.634052 0.000000 234.000000 44.000000 115.000000
10 0.990203 225.000000 196.000000 105.000000 90.000000
4 0.698160 374.000000 149.000000 5.000000 21.000000
4 0.425557 347.000000 148.000000 6.000000 16.000000
10 0.483534 226.000000 195.000000 96.000000 25.000000
8 0.838733 259.000000 188.000000 21.000000 10.000000
4 0.947576 384.000000 144.000000 6.000000 23.000000
1 0.475587 56.000000 162.000000 35.000000 58.000000
17 0.676063 389.000000 274.000000 105.000000 98.000000
8 0.917291 282.000000 183.000000 20.000000 28.000000
8 0.731080 286.000000 171.000000 65.000000 101.000000
8 0.410454 357.000000 195.000000 75.000000 145.000000
4 0.712523 377.000000 149.000000 4.000000 15.000000
4 0.573254 370.000000 153.000000 6.000000 17.000000
4 0.528024 291.000000 153.000000 4.000000 13.000000
