14 0.473390 373.000000 58.000000 127.000000 208.000000
4 0.431461 26.000000 159.000000 92.000000 213.000000
14 0.916988 0.000000 16.000000 133.000000 225.000000
14 0.617105 256.000000 150.000000 30.000000 35.000000
14 0.801368 214.000000 150.000000 51.000000 32.000000
14 0.652457 351.000000 142.000000 37.000000 50.000000
14 0.615202 166.000000 125.000000 39.000000 50.000000
14 0.862172 197.000000 133.000000 22.000000 42.000000
4 0.605820 344.000000 166.000000 17.000000 43.000000
10 0.852228 12.000000 169.000000 475.000000 206.000000
14 0.892287 336.000000 158.000000 16.000000 35.000000
