14 0.907902 185.000000 109.000000 99.000000 144.000000
14 0.926086 28.000000 61.000000 134.000000 207.000000
1 0.761592 0.000000 148.000000 179.000000 171.000000
14 0.609913 426.000000 70.000000 45.000000 96.000000
1 0.814139 165.000000 184.000000 143.000000 132.000000
14 0.401972 463.000000 68.000000 28.000000 71.000000
1 0.610325 439.000000 116.000000 22.000000 67.000000
1 0.855311 334.000000 125.000000 50.000000 97.000000
14 0.787962 330.000000 72.000000 58.000000 114.000000
4 0.447931 89.000000 205.000000 23.000000 37.000000
4 0.831772 109.000000 196.000000 16.000000 53.000000
1 0.766006 464.000000 112.000000 20.000000 52.000000
14 0.666831 336.000000 81.000000 42.000000 47.000000
