5 0.871648 87.000000 322.000000 179.000000 96.000000
6 0.690375 1.000000 380.000000 81.000000 50.000000
14 0.838336 333.000000 359.000000 21.000000 72.000000
14 0.866173 317.000000 357.000000 20.000000 65.000000
6 0.554111 269.000000 364.000000 48.000000 26.000000
14 0.899666 36.000000 364.000000 9.000000 14.000000
14 0.746767 314.000000 353.000000 11.000000 46.000000
6 0.691672 33.000000 364.000000 58.000000 27.000000
14 0.637488 355.000000 358.000000 16.000000 60.000000
14 0.534490 368.000000 349.000000 6.000000 77.000000
14 0.700755 15.000000 368.000000 7.000000 9.000000
14 0.475664 20.000000 368.000000 6.000000 10.000000
6 0.780870 301.000000 364.000000 14.000000 12.000000
14 0.938961 0.000000 362.000000 4.000000 17.000000
6 0.874316 270.000000 363.000000 16.000000 30.000000
