14 0.678044 32.000000 3.000000 165.000000 497.000000
14 0.939750 212.000000 473.000000 6.000000 19.000000
14 0.932514 184.000000 465.000000 6.000000 24.000000
14 0.864578 219.000000 472.000000 5.000000 21.000000
14 0.573226 255.000000 474.000000 9.000000 19.000000
14 0.748063 134.000000 461.000000 10.000000 33.000000
14 0.988788 173.000000 467.000000 7.000000 22.000000
14 0.592374 200.000000 476.000000 6.000000 16.000000
14 0.631901 194.000000 473.000000 6.000000 19.000000
14 0.812794 167.000000 469.000000 6.000000 19.000000
14 0.437581 148.000000 464.000000 7.000000 23.000000
14 0.552017 159.000000 466.000000 6.000000 20.000000
14 0.500812 153.000000 468.000000 6.000000 18.000000
14 0.649634 252.000000 477.000000 6.000000 15.000000
14 0.654986 180.000000 468.000000 6.000000 20.000000
14 0.764235 126.000000 466.000000 8.000000 20.000000
14 0.698086 287.000000 474.000000 7.000000 18.000000
14 0.498862 172.000000 473.000000 5.000000 18.000000
14 0.427973 118.000000 470.000000 11.000000 16.000000
14 0.714863 203.000000 477.000000 5.000000 14.000000
14 0.858314 285.000000 460.000000 10.000000 38.000000
14 0.956136 149.000000 464.000000 7.000000 10.000000
14 0.903783 114.000000 462.000000 23.000000 28.000000
6 0.581652 328.000000 478.000000 4.000000 14.000000
14 0.919404 261.000000 476.000000 5.000000 17.000000
