5 0.390000 0.561562 0.680000 0.450450
14 0.790000 0.626126 0.028000 0.093093
14 0.910000 0.620120 0.024000 0.093093
14 0.338000 0.600601 0.040000 0.060060
14 0.860000 0.620120 0.020000 0.093093
14 0.874000 0.620120 0.020000 0.093093
14 0.894000 0.618619 0.020000 0.090090
0 0.809000 0.429429 0.354000 0.342342
14 0.476000 0.603604 0.024000 0.030030
6 0.031000 0.605105 0.062000 0.051051
14 0.011000 0.606607 0.018000 0.036036
14 0.348000 0.602102 0.028000 0.039039
14 0.547000 0.606607 0.026000 0.024024
14 0.702000 0.624625 0.012000 0.054054
14 0.318000 0.606607 0.024000 0.030030
14 0.435000 0.603604 0.022000 0.036036
14 0.448000 0.605105 0.024000 0.039039
6 0.041000 0.606607 0.030000 0.030030
14 0.928000 0.621622 0.020000 0.090090
14 0.993000 0.605105 0.006000 0.075075
