14 0.342814 0.503000 0.494012 0.994000
14 0.643713 0.965000 0.017964 0.038000
14 0.559880 0.954000 0.017964 0.048000
14 0.663174 0.965000 0.014970 0.042000
14 0.776946 0.967000 0.026946 0.038000
14 0.416168 0.955000 0.029940 0.066000
14 0.528443 0.956000 0.020958 0.044000
14 0.607784 0.968000 0.017964 0.032000
14 0.589820 0.965000 0.017964 0.038000
14 0.508982 0.957000 0.017964 0.038000
14 0.453593 0.951000 0.020958 0.046000
14 0.485030 0.952000 0.017964 0.040000
14 0.467066 0.954000 0.017964 0.036000
14 0.763473 0.969000 0.017964 0.030000
14 0.547904 0.956000 0.017964 0.040000
14 0.389222 0.952000 0.023952 0.040000
14 0.869760 0.966000 0.020958 0.036000
14 0.522455 0.964000 0.014970 0.036000
14 0.369760 0.956000 0.032934 0.032000
14 0.615269 0.968000 0.014970 0.028000
14 0.868263 0.958000 0.029940 0.076000
14 0.456587 0.938000 0.020958 0.020000
14 0.375749 0.952000 0.068862 0.056000
6 0.988024 0.970000 0.011976 0.028000
14 0.788922 0.969000 0.014970 0.034000
