14 0.469000 0.567398 0.198000 0.451411
14 0.190000 0.515674 0.268000 0.648903
1 0.179000 0.731975 0.358000 0.536050
14 0.897000 0.369906 0.090000 0.300940
1 0.473000 0.783699 0.286000 0.413793
14 0.954000 0.324451 0.056000 0.222571
1 0.900000 0.468652 0.044000 0.210031
1 0.718000 0.543887 0.100000 0.304075
14 0.718000 0.404389 0.116000 0.357367
4 0.201000 0.700627 0.046000 0.115987
4 0.234000 0.697492 0.032000 0.166144
1 0.948000 0.432602 0.040000 0.163009
14 0.714000 0.327586 0.084000 0.147335
