13 0.482000 0.643048 0.604000 0.526738
14 0.469000 0.413102 0.018000 0.034759
14 0.411000 0.410428 0.018000 0.040107
14 0.494000 0.430481 0.032000 0.090909
14 0.432000 0.413102 0.016000 0.034759
14 0.433000 0.397059 0.022000 0.034759
14 0.219000 0.386364 0.042000 0.104278
14 0.450000 0.410428 0.016000 0.034759
14 0.200000 0.389037 0.036000 0.088235
14 0.486000 0.411765 0.020000 0.037433
14 0.503000 0.434492 0.026000 0.040107
8 0.665000 0.529412 0.066000 0.080214
14 0.409000 0.434492 0.026000 0.125668
