5 0.470667 0.740000 0.477333 0.192000
6 0.110667 0.810000 0.216000 0.100000
14 0.916000 0.790000 0.056000 0.144000
14 0.872000 0.779000 0.053333 0.130000
6 0.781333 0.754000 0.128000 0.052000
14 0.108000 0.742000 0.024000 0.028000
14 0.852000 0.752000 0.029333 0.092000
6 0.165333 0.755000 0.154667 0.054000
14 0.968000 0.776000 0.042667 0.120000
14 0.989333 0.775000 0.016000 0.154000
14 0.049333 0.745000 0.018667 0.018000
14 0.061333 0.746000 0.016000 0.020000
6 0.821333 0.740000 0.037333 0.024000
14 0.005333 0.741000 0.010667 0.034000
6 0.741333 0.756000 0.042667 0.060000
