14 0.504927 98.000000 76.000000 200.000000 282.000000
14 0.735418 400.000000 62.000000 468.000000 264.000000
1 0.621110 154.000000 166.000000 300.000000 274.000000
14 0.953010 242.000000 113.000000 267.000000 177.000000
14 0.473396 94.000000 99.000000 110.000000 165.000000
14 0.559250 289.000000 106.000000 311.000000 175.000000
14 0.891882 218.000000 109.000000 237.000000 174.000000
5 0.593340 3.000000 80.000000 48.000000 132.000000
14 0.966533 63.000000 106.000000 79.000000 170.000000
14 0.430962 231.000000 102.000000 244.000000 190.000000
14 0.633051 274.000000 108.000000 291.000000 172.000000
14 0.464480 76.000000 104.000000 88.000000 160.000000
14 0.744118 284.000000 66.000000 299.000000 115.000000
14 0.977875 56.000000 101.000000 63.000000 117.000000
14 0.594817 84.000000 101.000000 95.000000 137.000000
14 0.788102 87.000000 108.000000 94.000000 129.000000
14 0.559549 265.000000 105.000000 277.000000 160.000000
14 0.663533 107.000000 104.000000 115.000000 118.000000
14 0.742913 0.000000 80.000000 5.000000 186.000000
14 0.549048 230.000000 99.000000 245.000000 135.000000
14 0.814281 103.000000 103.000000 116.000000 150.000000
14 0.700597 77.000000 100.000000 83.000000 110.000000
14 0.943278 114.000000 104.000000 122.000000 118.000000
14 0.565013 68.000000 100.000000 74.000000 113.000000
14 0.972913 87.000000 99.000000 95.000000 109.000000
14 0.509324 113.000000 97.000000 124.000000 140.000000
14 0.411947 51.000000 101.000000 58.000000 118.000000
14 0.796123 77.000000 104.000000 84.000000 118.000000
14 0.840258 258.000000 106.000000 271.000000 146.000000
14 0.686393 232.000000 103.000000 244.000000 120.000000
14 0.425656 86.000000 105.000000 93.000000 118.000000
