8 0.660762 199.000000 172.000000 255.000000 277.000000
8 0.736291 268.000000 211.000000 354.000000 327.000000
19 0.634052 0.000000 234.000000 44.000000 349.000000
10 0.990203 225.000000 196.000000 330.000000 286.000000
4 0.698160 374.000000 149.000000 379.000000 170.000000
4 0.425557 347.000000 148.000000 353.000000 164.000000
10 0.483534 226.000000 195.000000 322.000000 220.000000
8 0.838733 259.000000 188.000000 280.000000 198.000000
4 0.947576 384.000000 144.000000 390.000000 167.000000
1 0.475587 56.000000 162.000000 91.000000 220.000000
17 0.676063 389.000000 274.000000 494.000000 372.000000
8 0.917291 282.000000 183.000000 302.000000 211.000000
8 0.731080 286.000000 171.000000 351.000000 272.000000
8 0.410454 357.000000 195.000000 432.000000 340.000000
4 0.712523 377.000000 149.000000 381.000000 164.000000
4 0.573254 370.000000 153.000000 376.000000 170.000000
4 0.528024 291.000000 153.000000 295.000000 166.000000
