14 0.473390 373.000000 58.000000 500.000000 266.000000
4 0.431461 26.000000 159.000000 118.000000 372.000000
14 0.916988 0.000000 16.000000 133.000000 241.000000
14 0.617105 256.000000 150.000000 286.000000 185.000000
14 0.801368 214.000000 150.000000 265.000000 182.000000
14 0.652457 351.000000 142.000000 388.000000 192.000000
14 0.615202 166.000000 125.000000 205.000000 175.000000
14 0.862172 197.000000 133.000000 219.000000 175.000000
4 0.605820 344.000000 166.000000 361.000000 209.000000
10 0.852228 12.000000 169.000000 487.000000 375.000000
14 0.892287 336.000000 158.000000 352.000000 193.000000
