5 0.871648 87.000000 322.000000 266.000000 418.000000
6 0.690375 1.000000 380.000000 82.000000 430.000000
14 0.838336 333.000000 359.000000 354.000000 431.000000
14 0.866173 317.000000 357.000000 337.000000 422.000000
6 0.554111 269.000000 364.000000 317.000000 390.000000
14 0.899666 36.000000 364.000000 45.000000 378.000000
14 0.746767 314.000000 353.000000 325.000000 399.000000
6 0.691672 33.000000 364.000000 91.000000 391.000000
14 0.637488 355.000000 358.000000 371.000000 418.000000
14 0.534490 368.000000 349.000000 374.000000 426.000000
14 0.700755 15.000000 368.000000 22.000000 377.000000
14 0.475664 20.000000 368.000000 26.000000 378.000000
6 0.780870 301.000000 364.000000 315.000000 376.000000
14 0.938961 0.000000 362.000000 4.000000 379.000000
6 0.874316 270.000000 363.000000 286.000000 393.000000
