14 0.678044 32.000000 3.000000 197.000000 500.000000
14 0.939750 212.000000 473.000000 218.000000 492.000000
14 0.932514 184.000000 465.000000 190.000000 489.000000
14 0.864578 219.000000 472.000000 224.000000 493.000000
14 0.573226 255.000000 474.000000 264.000000 493.000000
14 0.748063 134.000000 461.000000 144.000000 494.000000
14 0.988788 173.000000 467.000000 180.000000 489.000000
14 0.592374 200.000000 476.000000 206.000000 492.000000
14 0.631901 194.000000 473.000000 200.000000 492.000000
14 0.812794 167.000000 469.000000 173.000000 488.000000
14 0.437581 148.000000 464.000000 155.000000 487.000000
14 0.552017 159.000000 466.000000 165.000000 486.000000
14 0.500812 153.000000 468.000000 159.000000 486.000000
14 0.649634 252.000000 477.000000 258.000000 492.000000
14 0.654986 180.000000 468.000000 186.000000 488.000000
14 0.764235 126.000000 466.000000 134.000000 486.000000
14 0.698086 287.000000 474.000000 294.000000 492.000000
14 0.498862 172.000000 473.000000 177.000000 491.000000
14 0.427973 118.000000 470.000000 129.000000 486.000000
14 0.714863 203.000000 477.000000 208.000000 491.000000
14 0.858314 285.000000 460.000000 295.000000 498.000000
14 0.956136 149.000000 464.000000 156.000000 474.000000
14 0.903783 114.000000 462.000000 137.000000 490.000000
6 0.581652 328.000000 478.000000 332.000000 492.000000
14 0.919404 261.000000 476.000000 266.000000 493.000000
