14 0.907902 185.000000 109.000000 284.000000 253.000000
14 0.926086 28.000000 61.000000 162.000000 268.000000
1 0.761592 0.000000 148.000000 179.000000 319.000000
14 0.609913 426.000000 70.000000 471.000000 166.000000
1 0.814139 165.000000 184.000000 308.000000 316.000000
14 0.401972 463.000000 68.000000 491.000000 139.000000
1 0.610325 439.000000 116.000000 461.000000 183.000000
1 0.855311 334.000000 125.000000 384.000000 222.000000
14 0.787962 330.000000 72.000000 388.000000 186.000000
4 0.447931 89.000000 205.000000 112.000000 242.000000
4 0.831772 109.000000 196.000000 125.000000 249.000000
1 0.766006 464.000000 112.000000 484.000000 164.000000
14 0.666831 336.000000 81.000000 378.000000 128.000000
