13 0.680435 90.000000 142.000000 392.000000 339.000000
14 0.569468 230.000000 148.000000 239.000000 161.000000
14 0.455295 201.000000 146.000000 210.000000 161.000000
14 0.665627 239.000000 144.000000 255.000000 178.000000
14 0.726977 212.000000 148.000000 220.000000 161.000000
14 0.567580 211.000000 142.000000 222.000000 155.000000
14 0.517179 99.000000 125.000000 120.000000 164.000000
14 0.964534 221.000000 147.000000 229.000000 160.000000
14 0.440665 91.000000 129.000000 109.000000 162.000000
14 0.963635 238.000000 147.000000 248.000000 161.000000
14 0.643848 245.000000 155.000000 258.000000 170.000000
8 0.874911 316.000000 183.000000 349.000000 213.000000
14 0.466569 198.000000 139.000000 211.000000 186.000000
