12 0.537478 109.000000 107.000000 335.000000 317.000000
14 0.719198 195.000000 59.000000 286.000000 218.000000
14 0.834198 14.000000 111.000000 30.000000 153.000000
14 0.945492 77.000000 113.000000 104.000000 150.000000
14 0.783281 387.000000 158.000000 411.000000 188.000000
8 0.995076 408.000000 183.000000 433.000000 192.000000
8 0.978436 429.000000 180.000000 465.000000 195.000000
14 0.777994 487.000000 158.000000 498.000000 206.000000
8 0.540024 359.000000 192.000000 391.000000 226.000000
8 0.690287 376.000000 190.000000 409.000000 225.000000
8 0.506554 413.000000 190.000000 443.000000 226.000000
14 0.995175 8.000000 117.000000 23.000000 154.000000
14 0.666700 365.000000 175.000000 377.000000 185.000000
8 0.850990 401.000000 189.000000 430.000000 225.000000
8 0.426478 355.000000 184.000000 380.000000 191.000000
