14 0.838462 11.000000 111.000000 170.000000 257.000000
2 0.927479 477.000000 116.000000 486.000000 124.000000
2 0.661398 463.000000 115.000000 470.000000 118.000000
9 0.574830 223.000000 158.000000 338.000000 262.000000
14 0.511557 339.000000 113.000000 342.000000 119.000000
14 0.467632 337.000000 111.000000 340.000000 117.000000
2 0.802570 370.000000 117.000000 376.000000 124.000000
11 0.893078 130.000000 221.000000 277.000000 285.000000
2 0.527207 355.000000 117.000000 362.000000 124.000000
2 0.415580 455.000000 116.000000 460.000000 121.000000
2 0.616920 474.000000 116.000000 483.000000 121.000000
14 0.491725 364.000000 109.000000 370.000000 113.000000
